2.980638479980626698e+01,-8.554112251893809571e+01
3.163810618902525817e+01,-1.140551110705013400e+02
3.225598494833322150e+01,-9.192839817400273716e+01
4.011117599957192681e+01,-1.206357305916939993e+02
3.938884753887690238e+01,-1.052637041001014779e+02
4.359649029506587681e+01,-7.356502917755085491e+01
3.978578253109946417e+01,-7.599643723127866224e+01
2.710163467795665682e+01,-8.310390994327954672e+01
3.154103778964283222e+01,-8.353056521599880568e+01
4.616834596713854211e+01,-1.148402954844143693e+02
3.782850837857964166e+01,-8.975213999168886403e+01
3.944341390513635304e+01,-8.668206280202640812e+01
4.119184140499081082e+01,-9.354149565319981718e+01
3.798536312537489579e+01,-9.621728174364702113e+01
3.717639822444651543e+01,-8.483765416238271939e+01
2.737504424654266444e+01,-9.076807481464521743e+01
4.737686317292759952e+01,-7.148994552035171068e+01
3.984921794954045282e+01,-7.699062126221099334e+01
4.275652840036111257e+01,-7.067658632347875880e+01
4.337488104790597276e+01,-8.523431351554270918e+01
4.478902021523201427e+01,-9.349930635715155347e+01
2.913565454807290678e+01,-8.980093968951969430e+01
3.657355196388173368e+01,-9.250818826193527400e+01
4.805613878969749919e+01,-1.107749840960488257e+02
4.002432847065012567e+01,-9.612569484283355337e+01
4.210145209709881442e+01,-1.172688370915395808e+02
4.637352875904008442e+01,-7.302766350274592355e+01
4.293624992335013957e+01,-7.491757625858640779e+01
3.567365258392597838e+01,-1.061212324792252417e+02
3.503160656539885309e+01,-7.925541256801366785e+01
4.833699878754676149e+01,-9.979529625555665007e+01
4.567089955101668153e+01,-7.638364852143719474e+01
4.069941375641599990e+01,-8.486625523292143214e+01
3.273404828581068671e+01,-9.708140933451345234e+01
4.604267822817435274e+01,-1.196220758935020569e+02
4.119831435251671081e+01,-7.836544141820385789e+01
4.379209127582875283e+01,-7.337792851545987105e+01
3.188336544686143270e+01,-8.105031251706216722e+01
3.866560957236664819e+01,-1.014677158677767608e+02
3.486768487804814498e+01,-8.589813272772998687e+01
2.665737764447634817e+01,-9.765607684068895367e+01
4.077880838683199727e+01,-1.122066512331716268e+02
4.820015433309235675e+01,-7.528409989108888567e+01
3.822489612225400890e+01,-7.720874590197409759e+01
5.248602151673356531e+01,-1.174225097689491122e+02
3.727819366520140676e+01,-8.189141469317233657e+01
4.444281724986536375e+01,-9.003191541717896484e+01
4.265664004201395443e+01,-1.034593222964357722e+02
