2.953115121522358777e+01,-8.561272036787157447e+01
3.193130417665442167e+01,-1.132908456359282638e+02
3.193545327569714942e+01,-9.201331256197792641e+01
4.105878768278981994e+01,-1.208337673956789757e+02
3.884441892732211699e+01,-1.046327581828530242e+02
4.411871249829460595e+01,-7.440899202715060312e+01
4.011719255708005250e+01,-7.589055164439297130e+01
2.731179589174592337e+01,-8.290636015352514221e+01
3.176699112029086081e+01,-8.357750470935590670e+01
4.522506927197139959e+01,-1.145594480216491746e+02
3.869098327324012132e+01,-8.990074859441331512e+01
3.910831320687140078e+01,-8.643760120886965126e+01
4.076254127598399180e+01,-9.382516683271492752e+01
3.734872345454943598e+01,-9.566956045059035318e+01
3.711689842934843853e+01,-8.484548793465209826e+01
2.682708795273753921e+01,-9.067394691671371731e+01
4.846821648551178896e+01,-7.271242408896097231e+01
3.971535265050510333e+01,-7.668509323973037795e+01
4.539283645288353597e+01,-7.270531055534442544e+01
4.281687592374913720e+01,-8.531660680762630022e+01
4.508328506760498300e+01,-9.335036881347976134e+01
2.918151792426418822e+01,-8.971849502302006840e+01
3.682006586336247977e+01,-9.212806110403343496e+01
4.824146674160536463e+01,-1.102829818819310219e+02
3.910683402627559246e+01,-9.661668400589969963e+01
3.938918389507292517e+01,-1.188653565235970291e+02
4.618474000422831693e+01,-7.376780835720910545e+01
4.121117799151865313e+01,-7.556510019433518721e+01
3.368613598385098840e+01,-1.064910720902255150e+02
3.518744746964367209e+01,-7.836148635681831820e+01
4.778311121567393371e+01,-9.973440612221475021e+01
4.454734811377419135e+01,-7.545622935139461163e+01
3.995143593719404862e+01,-8.335827057552752706e+01
3.307350782948167023e+01,-9.731058251106281887e+01
4.862471922849107386e+01,-1.199724152147739034e+02
4.107010693423538328e+01,-7.762380465690097253e+01
4.404650297466756825e+01,-7.316273718818300154e+01
3.249553705405968174e+01,-8.005329372369951102e+01
4.469343141401677144e+01,-9.977276693742246039e+01
3.478266604159719577e+01,-8.679577355764428148e+01
2.674389409318798272e+01,-9.798782714639983737e+01
4.026808544204060070e+01,-1.114397008686658808e+02
4.727593334785988333e+01,-7.518663249853794639e+01
3.739430518647269963e+01,-7.731779463765825255e+01
5.355226832390910374e+01,-1.177675824413464341e+02
3.817999068472839497e+01,-8.201032012362026080e+01
4.336208138926895117e+01,-8.987980639412351991e+01
4.103756924208467183e+01,-1.045436971460831330e+02
