2.973913067936274501e+01,-8.524922005797610325e+01
3.329332152351720708e+01,-1.132156752197557523e+02
3.210816350591669988e+01,-9.223227012313641637e+01
4.043374739909488369e+01,-1.211109062230347746e+02
3.827770274872621314e+01,-1.049217563244517351e+02
4.418663323300164336e+01,-7.410888829611022288e+01
4.013447464672009346e+01,-7.601119388385987463e+01
2.780803006594117477e+01,-8.271754796896743755e+01
3.184637513813975218e+01,-8.376273668682058826e+01
4.521523979800790727e+01,-1.145012939179360671e+02
3.852485142755881498e+01,-8.984178884347115002e+01
3.895047265362814670e+01,-8.635487195153149287e+01
4.071048047192677899e+01,-9.393857512914703989e+01
3.737290883885412995e+01,-9.554590952326070408e+01
3.721591086387273606e+01,-8.492786060666233539e+01
2.664781628908952271e+01,-9.027325012582312525e+01
4.795547475173020757e+01,-7.272647266752784390e+01
3.971174225748104902e+01,-7.674269342209289846e+01
4.497706042528361792e+01,-7.290860819576482754e+01
4.287043164053057609e+01,-8.552104530571219243e+01
4.492931542395829325e+01,-9.366814837628170665e+01
2.913255751901267843e+01,-8.941985087882932248e+01
3.703588276317364603e+01,-9.195978046944577500e+01
4.734010269569058948e+01,-1.099563504408216517e+02
3.979123662818084028e+01,-9.642411839584916322e+01
4.170145168269257141e+01,-1.190476011273747616e+02
4.653503799349316949e+01,-7.426553207190343642e+01
4.150442286367497502e+01,-7.553515351093082586e+01
3.369778343748006222e+01,-1.060949598537008285e+02
3.577125186611081631e+01,-7.788462094930901003e+01
4.711812025004761040e+01,-1.001155291096314954e+02
4.498973783470536603e+01,-7.545740513229637259e+01
3.988020355217219759e+01,-8.356445965324935798e+01
3.280418656974794089e+01,-9.754608402683942359e+01
4.951668559263944758e+01,-1.200390107896618446e+02
4.176028701656822051e+01,-7.780079938746943924e+01
4.451655323122105301e+01,-7.351493054974376662e+01
3.250055555048379574e+01,-8.017889598329639966e+01
4.436669477175702525e+01,-9.985868567549837849e+01
3.423453609113896334e+01,-8.645939790513578771e+01
2.651460172124737369e+01,-9.759391015968766681e+01
4.037680570659873069e+01,-1.115253402317615041e+02
4.720209598491867098e+01,-7.519654772276383881e+01
3.671815422164655018e+01,-7.737944689554831257e+01
5.290879581115503072e+01,-1.183820534243996008e+02
3.710233007110377201e+01,-8.126207678458358430e+01
4.326376388780774818e+01,-8.970748380646109865e+01
3.986994848386744650e+01,-1.045685305824029570e+02
