2.960823953921562435e+01,-8.559883359353210608e+01
3.154521178045909835e+01,-1.131574803416451545e+02
3.233358584865994345e+01,-9.201573348710590494e+01
3.960478186205627082e+01,-1.214548760284693145e+02
3.909701729566739914e+01,-1.046748766141107581e+02
4.386321617836894404e+01,-7.428947316726964800e+01
3.998663363139615967e+01,-7.607545537328573459e+01
2.728587179527998785e+01,-8.304378835725879071e+01
3.150902288323288758e+01,-8.369368166479029014e+01
4.569779806122280519e+01,-1.142362137511773028e+02
3.900717307128841327e+01,-8.959946452988535270e+01
3.895663546962874335e+01,-8.628921205065707056e+01
4.088334682401762166e+01,-9.369309392372032619e+01
3.753890761721127234e+01,-9.565004567806137459e+01
3.710698322533164628e+01,-8.474753693806250965e+01
2.669586308029204602e+01,-9.058443876494810354e+01
4.772775595698166740e+01,-7.304327519357686072e+01
3.956105806648564283e+01,-7.652314596034631222e+01
4.483521253014678365e+01,-7.260065923568180324e+01
4.300381178821459827e+01,-8.510726516617793891e+01
4.524393841490125112e+01,-9.327481286677848971e+01
2.944739057724036257e+01,-8.953964916483337788e+01
3.715100560764585680e+01,-9.213428929971603054e+01
4.888349732646392454e+01,-1.097143961634225064e+02
3.947540636199568809e+01,-9.690747874076622281e+01
4.121460145739811054e+01,-1.191321192325410152e+02
4.633511112281326660e+01,-7.391772380100121609e+01
4.143367082213159591e+01,-7.542110863137978072e+01
3.402420298132398102e+01,-1.062995127640997453e+02
3.515466969184778634e+01,-7.816480852789149480e+01
4.745572402823045621e+01,-9.995050310419421180e+01
4.495714845783503932e+01,-7.545615930809785254e+01
3.965016820831630184e+01,-8.328506903587390298e+01
3.320660026946630694e+01,-9.748909468619356744e+01
4.792901594486977501e+01,-1.203069075223563402e+02
4.136326346295475531e+01,-7.765801053725940051e+01
4.438755949261183531e+01,-7.337468526544903114e+01
3.248017113023458080e+01,-8.027737652616424668e+01
4.469174725758078637e+01,-1.000996495756376987e+02
3.444984754194396714e+01,-8.654249203901704846e+01
2.631590358466697666e+01,-9.745199884728361894e+01
4.156946997641016850e+01,-1.113434320875063719e+02
4.726033764748496679e+01,-7.511210928195720271e+01
3.727458409826144248e+01,-7.730179693436431876e+01
5.213037376917531418e+01,-1.186580560464030754e+02
3.769295441284102566e+01,-8.181241626754437846e+01
4.319026009322684700e+01,-9.011823141406036086e+01
4.084629411083295025e+01,-1.041968165231399581e+02
