2.996882888225545116e+01,-8.545361441582565476e+01
3.324941977383431890e+01,-1.121557101710317284e+02
3.261678506803322364e+01,-9.236312391877453365e+01
3.980678996219062782e+01,-1.214567609278497002e+02
3.979175882332823022e+01,-1.044823167696205815e+02
4.378752635703961005e+01,-7.383632552048096898e+01
4.001136845095586381e+01,-7.600825438266458889e+01
2.769877351265757426e+01,-8.307036672908122910e+01
3.182657048012269030e+01,-8.383395957862157388e+01
4.678749026502762831e+01,-1.149601526984314006e+02
3.930214180085245346e+01,-8.966684099639674344e+01
3.918960248522207479e+01,-8.653601408888491164e+01
4.146771239344906235e+01,-9.360450524953620288e+01
3.817533771548416865e+01,-9.539173143395997556e+01
3.732378452348001474e+01,-8.482678997719634140e+01
2.696964768372381727e+01,-9.096671803470844964e+01
4.675692957637475899e+01,-7.193026868688031072e+01
3.940320115314711558e+01,-7.683482605508481811e+01
4.363261837407731036e+01,-7.207853959910141839e+01
4.337663005091003754e+01,-8.543372703762521780e+01
4.573265389665849057e+01,-9.294015756020185393e+01
2.956222910096954593e+01,-8.939286428411715235e+01
3.759859729349540203e+01,-9.231952277159095388e+01
4.921365407583990503e+01,-1.098289122360527443e+02
3.861968067245349800e+01,-9.738091515040902379e+01
3.847297637710123297e+01,-1.188509912717947827e+02
4.490873959093444512e+01,-7.306231101358937963e+01
4.101792065150733180e+01,-7.531267985564258538e+01
3.468234746823652870e+01,-1.059830522924083311e+02
3.535893439416181394e+01,-7.857144556262723256e+01
4.806099213538709591e+01,-9.974572754058378621e+01
4.525513612779410266e+01,-7.526089892280118931e+01
4.012972953792432662e+01,-8.334356165802826411e+01
3.337746893603044640e+01,-9.775453328228017824e+01
4.468800982904446784e+01,-1.227180985278851182e+02
4.089592244638642882e+01,-7.787607663428428850e+01
4.326701804648187277e+01,-7.245829402940269404e+01
3.235400300661434869e+01,-8.012436681702948249e+01
4.519670179279579258e+01,-9.981622852258863077e+01
3.513862062082608162e+01,-8.675159093110238473e+01
2.693783351165231466e+01,-9.791613326109829529e+01
4.139593003652268521e+01,-1.110079614079644159e+02
4.671554647549778139e+01,-7.473300971248636415e+01
3.719165091659979794e+01,-7.764032281818779779e+01
5.109437896471398943e+01,-1.194475055234623113e+02
3.804006146882880302e+01,-8.181032355942082290e+01
4.339137180038419217e+01,-8.979849892073457340e+01
4.162202201807961899e+01,-1.042827478627416014e+02
