3.010385078426905991e+01,-8.575656019459312063e+01
3.159978350063702379e+01,-1.129729407569550688e+02
3.243704578251739434e+01,-9.207906533678421113e+01
4.030318246505582636e+01,-1.206443295078123867e+02
3.908444097533557482e+01,-1.050116388528127800e+02
4.342683035859764829e+01,-7.374210873273096922e+01
4.028143721747665040e+01,-7.580916658070223946e+01
2.737743670342828750e+01,-8.314862599518349384e+01
3.198530506713264998e+01,-8.399142175342784356e+01
4.583256538901530064e+01,-1.140555450031724689e+02
3.890930742207026327e+01,-8.979134160376989371e+01
3.849970724783624831e+01,-8.606104150058774849e+01
4.101440945481599698e+01,-9.374136764165946545e+01
3.755241497166340991e+01,-9.573559566265882381e+01
3.730511540050504493e+01,-8.510569583575419017e+01
2.717664670435686247e+01,-9.038325479108436866e+01
4.696794876801470764e+01,-7.228000148336926145e+01
3.918140652926520318e+01,-7.678238206003013033e+01
4.539456472375296414e+01,-7.265136933920982187e+01
4.303215277009029194e+01,-8.509386588087041048e+01
4.537213674476969061e+01,-9.339461909718826860e+01
2.988766906019781899e+01,-8.961579729337452704e+01
3.751982544486368454e+01,-9.236440467885121564e+01
4.888057105849774331e+01,-1.103386925364638103e+02
3.948862646806933441e+01,-9.622838115332034192e+01
3.861949231080272682e+01,-1.196676038849429631e+02
4.650421011168893415e+01,-7.380848472650126268e+01
4.066395202461107061e+01,-7.519123177789023771e+01
3.360274299289791600e+01,-1.059966874442815339e+02
3.528521764941342553e+01,-7.825709257652891893e+01
4.711502598146019949e+01,-9.974596096436034998e+01
4.432054152080735321e+01,-7.532209061221045943e+01
4.002898743181228269e+01,-8.329489874252183768e+01
3.333406205696142877e+01,-9.801218443688486559e+01
4.708663144517469590e+01,-1.211894686112402013e+02
4.157131880883480335e+01,-7.775065811939033722e+01
4.441014267091930634e+01,-7.317861966255655659e+01
3.249142761070115881e+01,-8.043403352841679066e+01
4.607833928657382927e+01,-9.891626510231326108e+01
3.468703259511697468e+01,-8.696727598774819512e+01
2.656069904022552208e+01,-9.802877259875114646e+01
4.128142117238537168e+01,-1.117374121782418115e+02
4.603279547739198563e+01,-7.457941260195772770e+01
3.770034020374395567e+01,-7.741544597685334850e+01
5.273576471932389609e+01,-1.185441226932738346e+02
3.778433935980380909e+01,-8.191642780245685174e+01
4.362155774439847278e+01,-8.984953730224185620e+01
4.093261551768367212e+01,-1.044363739696726441e+02
