3.008331291152887843e+01,-8.593096493557085580e+01
3.206217395816966587e+01,-1.128354816296952237e+02
3.226100433180633331e+01,-9.204238551494474052e+01
4.057948260996021617e+01,-1.212963891072573688e+02
3.874516719209212567e+01,-1.050384191316341003e+02
4.401582699966408541e+01,-7.416040632530109633e+01
3.983018927087044148e+01,-7.600068939207631047e+01
2.733618946659170135e+01,-8.314522745912525181e+01
3.193347840235940538e+01,-8.366825050360046134e+01
4.598376965505344316e+01,-1.147715747256003453e+02
3.887898761568993677e+01,-8.958160566390725421e+01
3.901010388962153286e+01,-8.626132948522933930e+01
4.072481084356208214e+01,-9.375863869404193451e+01
3.782901751077081798e+01,-9.557216441680590435e+01
3.707397736995358173e+01,-8.496293332651656272e+01
2.701971188233322607e+01,-9.021860093261020097e+01
4.763962781185779249e+01,-7.211216586156473340e+01
3.949502082414240789e+01,-7.679407219816036445e+01
4.513996826084571978e+01,-7.292020107068000812e+01
4.312354605306448008e+01,-8.539728741379309440e+01
4.513813819976851960e+01,-9.345284808947218380e+01
2.939507690817842445e+01,-8.972151123991282873e+01
3.717601694394313938e+01,-9.199384466848383113e+01
4.820747855742628474e+01,-1.099731804210229740e+02
3.992331282509027801e+01,-9.658327185530770009e+01
4.116781472485996574e+01,-1.193055242762542036e+02
4.605800202006961541e+01,-7.372545863596762672e+01
4.135002888676702071e+01,-7.563430929825426574e+01
3.317129057288418892e+01,-1.059210462363036527e+02
3.533910468450281428e+01,-7.845681789968196540e+01
4.715275979352072966e+01,-1.003077954523433419e+02
4.473571762017020603e+01,-7.544463930562430676e+01
3.970887567601926804e+01,-8.335211401824042809e+01
3.277531595049656232e+01,-9.773894279404490248e+01
4.854259451264732661e+01,-1.200753778334413084e+02
4.081279944393449455e+01,-7.740145650059663751e+01
4.438567230992087786e+01,-7.314931590863820077e+01
3.243465363075652874e+01,-8.044098666141718468e+01
4.427419815326983610e+01,-1.002482748861760342e+02
3.462190760157342595e+01,-8.655342301428920848e+01
2.648894196141071689e+01,-9.771821623161746118e+01
4.067140031545777390e+01,-1.111946945122593178e+02
4.759938008665751852e+01,-7.474458471357746703e+01
3.797443443495539839e+01,-7.710416549874756242e+01
5.177753730588711534e+01,-1.186018720636079138e+02
3.729928909018874350e+01,-8.139855366888224353e+01
4.297712019726399291e+01,-8.982724624178165129e+01
4.113881204061572561e+01,-1.044809971196494018e+02
