2.853269162752084753e+01,-8.411299256666538326e+01
3.504390685637963543e+01,-1.096189375417442164e+02
3.328878874364260554e+01,-9.140209935091458249e+01
4.217692225794594663e+01,-1.217406847121931577e+02
3.797877409911814084e+01,-1.047545726889491249e+02
4.368085583637373048e+01,-7.504369586025183025e+01
3.745424260547828510e+01,-7.677134415958565228e+01
2.641062211735633980e+01,-8.298451812468738353e+01
3.290942646084400991e+01,-8.170497671019880670e+01
4.614430472963816499e+01,-1.138277603155748636e+02
3.569544972210630362e+01,-9.046995071344606743e+01
3.829925400630456522e+01,-8.641192910097744573e+01
3.944588976868206487e+01,-9.401603077584439916e+01
3.635134092876016609e+01,-9.736174146955096376e+01
3.706864028184841686e+01,-8.513126137171910557e+01
2.561226628099966263e+01,-8.966813328740904865e+01
4.912363089073832612e+01,-7.398717205882147141e+01
3.811148893957684436e+01,-7.690471116506674321e+01
4.331306751617812978e+01,-7.322746973859040054e+01
4.189743989989571560e+01,-8.319808804701226279e+01
4.618342790405289122e+01,-9.214355407561842526e+01
3.017823985088951844e+01,-8.880188621090658785e+01
3.889567210289658306e+01,-9.273247776985736834e+01
4.559562444048923169e+01,-1.066873820322201283e+02
3.702141103627864993e+01,-9.511731289479260454e+01
4.721258228782934907e+01,-1.203050461404702816e+02
4.320345606777330261e+01,-7.358365606858032493e+01
4.309455195256694537e+01,-7.764116959204446289e+01
3.533581676904356073e+01,-1.073981591923233339e+02
3.510544817134234563e+01,-7.959810112821433847e+01
5.071425895105910087e+01,-9.957510518869217719e+01
4.226601636067447032e+01,-7.581421501649961670e+01
3.900194590064763389e+01,-8.193968731358822311e+01
3.588014916407981048e+01,-9.591108401479559120e+01
4.843760967540328721e+01,-1.205028652740391522e+02
4.633982810755028936e+01,-8.118613226867182675e+01
4.772342633766106701e+01,-7.601613571651618884e+01
3.438165031180775344e+01,-8.007273538723012507e+01
4.395850322618516515e+01,-9.896127871914174534e+01
3.626123046875443379e+01,-8.514307285178992402e+01
3.111069487794140542e+01,-9.740602373906847333e+01
3.252195008704753576e+01,-1.102359274876356920e+02
4.348876025905517650e+01,-7.494327542756107619e+01
3.950098323007864565e+01,-7.913674320128522766e+01
4.783594664052288437e+01,-1.244264690671072628e+02
3.857964989833676128e+01,-8.135724697967236807e+01
4.108100659207924821e+01,-8.923538327370297907e+01
4.161420505537964232e+01,-1.028090685335397438e+02
