2.949889767354150649e+01,-8.563713357434556883e+01
3.364029821360831818e+01,-1.131361447717436874e+02
3.193520534607001693e+01,-9.245264729526516589e+01
4.393492674415581689e+01,-1.227858698946118636e+02
3.658223613554066844e+01,-1.038566365277564501e+02
4.386442746744681642e+01,-7.370344119868423149e+01
4.021461577450619984e+01,-7.563277559645788983e+01
2.722923808607214724e+01,-8.214437020366926845e+01
3.234932263237235617e+01,-8.332356185777473456e+01
4.592456164558697651e+01,-1.129338611131594377e+02
3.790256941400749469e+01,-8.987709735245931597e+01
3.883743494939439955e+01,-8.638950405285667955e+01
4.093266539919815017e+01,-9.328276344526757669e+01
3.732873558253326962e+01,-9.558517025381317467e+01
3.690960885496484423e+01,-8.497512744575377042e+01
2.689988967351979099e+01,-9.006085265528679429e+01
4.762770608066980316e+01,-7.248412305877755557e+01
3.945283666442380621e+01,-7.675373457125181176e+01
4.471768717932164350e+01,-7.211429439171212152e+01
4.316447208037723726e+01,-8.581458575685043400e+01
4.462948141582138106e+01,-9.331016773303720413e+01
2.959888230022827571e+01,-9.016520224254885818e+01
3.737548517044871943e+01,-9.241391285088673158e+01
4.964599560617435259e+01,-1.086455064343362551e+02
3.783687102182474860e+01,-9.592903159356652054e+01
4.180751237573652901e+01,-1.199958532864440599e+02
4.508912925958387774e+01,-7.329682983269994168e+01
4.226378188206921038e+01,-7.605129552427843009e+01
3.569450735588134904e+01,-1.065398938742075785e+02
3.369247354775691861e+01,-7.949335441505506594e+01
4.774975585195583250e+01,-1.003146534843153148e+02
4.472912445701191331e+01,-7.573115352951805335e+01
3.907908778716202391e+01,-8.351398483083382018e+01
3.142797327517178729e+01,-9.704970657133844725e+01
4.562325347445916890e+01,-1.212441009533333158e+02
4.213169997728482485e+01,-7.909300938111738333e+01
4.500768025103965897e+01,-7.411392586069840149e+01
3.319074407607951827e+01,-8.179319899183622056e+01
4.456091065058286915e+01,-9.783906706975668044e+01
3.454856795008105763e+01,-8.581910342024967520e+01
2.661279409286385800e+01,-9.734769878121619513e+01
4.055625086843978266e+01,-1.099400140466036646e+02
4.767528893345495078e+01,-7.489882247756469269e+01
3.881716858366773693e+01,-7.786106356100950165e+01
4.878921061079580568e+01,-1.209575160963290728e+02
3.742792482656595610e+01,-8.144747780145743832e+01
4.381673101722832797e+01,-8.984015415433185581e+01
4.273743018605906485e+01,-1.034298752000089507e+02
